# Created by Octave 3.4.2, Wed May 16 21:51:12 2012 EDT <rjs454@box487.cims.nyu.edu>
# name: kRange
# type: matrix
# rows: 1
# columns: 11
 0 1 2 3 4 5 6 7 8 9 10


# name: noiseRange
# type: scalar
0


# name: HeatMap
# type: matrix
# rows: 11
# columns: 1
 0
 0
 0
 0
 0
 0
 0
 10
 9.48
 9.359999999999999
 9.330000000000002


