# Created by Octave 3.4.2, Mon May 14 15:38:03 2012 EDT <rjs454@energon2.cims.nyu.edu>
# name: kRange
# type: matrix
# rows: 1
# columns: 135
 0 1 2 3 4 5 6 7 8 9 10 12 14 16 18 20 22 24 26 28 30 35 40 45 50 55 60 65 70 75 80 85 90 95 100 105 110 115 120 125 130 135 140 145 150 155 160 165 170 175 180 185 190 195 200 205 210 215 220 225 230 235 240 245 250 255 260 265 270 275 280 285 290 295 300 305 310 315 320 325 330 335 340 345 350 355 360 365 370 375 380 385 390 395 400 405 410 415 420 425 430 435 440 445 450 455 460 465 470 475 480 485 490 495 500 505 510 515 520 525 530 535 540 545 550 555 560 565 570 575 580 585 590 595 600


# name: noiseRange
# type: range
# base, limit, increment
0 0.01 0.002


# name: HeatMap
# type: matrix
# rows: 135
# columns: 6
 0 0 0 0 0 0
 0 0 0 0 0 0
 0 0 0 0 0 0
 0 0 0 0 0 0
 0 0 0 0 0 0
 0 0 0 0 0 0
 0 0 0 0 0 0
 10 0 0 0 0 0
 9.48 9.489583333333334 9.526666666666667 0 0 0
 9.359999999999999 9.352083333333333 9.357916666666668 9.35125 9.348333333333333 0
 9.330000000000002 9.342083333333333 9.340416666666666 9.366250000000001 9.364166666666666 0
 9.361250000000002 9.382083333333334 9.377083333333333 9.398333333333333 9.374583333333334 9.418749999999999
 9.440000000000001 9.447083333333335 9.430416666666666 9.44875 9.405000000000001 9.457916666666666
 9.540000000000001 9.534166666666668 9.551666666666668 9.545833333333334 9.522083333333335 9.559166666666666
 9.640000000000001 9.638333333333332 9.626666666666667 9.608750000000001 9.604166666666668 9.68
 9.740000000000002 9.738333333333333 9.758333333333333 9.752916666666668 9.72625 9.75375
 9.84 9.84 9.851666666666667 9.861666666666666 9.789999999999999 9.824166666666667
 9.94 9.934999999999999 9.941666666666666 9.935 9.92 9.966666666666667
 10.04 10.03166666666667 10.04166666666667 10.02833333333333 10.04666666666667 10.05
 10.12 10.12166666666667 10.115 10.12166666666667 10.09333333333333 10.12333333333333
 10.22 10.22166666666667 10.225 10.20333333333333 10.24833333333333 10.215
 10.42 10.42166666666667 10.43166666666666 10.42666666666667 10.44666666666667 10.38666666666667
 10.61666666666667 10.62166666666667 10.60166666666667 10.62333333333333 10.605 10.59666666666667
 10.78333333333333 10.77833333333333 10.78666666666667 10.79 10.795 10.785
 10.94333333333333 10.94666666666667 10.96 10.93833333333333 10.97666666666667 10.91833333333333
 11.1 11.10833333333333 11.12166666666667 11.11166666666667 11.095 11.09666666666667
 11.24 11.235 11.23166666666667 11.23666666666667 11.25333333333333 11.21166666666667
 11.38 11.37 11.36333333333333 11.37666666666667 11.35333333333333 11.37166666666667
 11.5 11.49333333333333 11.51833333333333 11.525 11.48 11.49666666666667
 11.62 11.605 11.63833333333333 11.62 11.65833333333333 11.61
 11.72 11.72833333333333 11.725 11.75 10.70666666666667 11.745
 11.84 11.83166666666667 11.84 11.86 11.87166666666667 11.83166666666667
 11.94 11.93 11.92666666666667 0 0 11.99166666666667
 12.02 12.03166666666667 12.01666666666667 12.02666666666667 12.08 12.01166666666667
 12.14 12.13666666666667 12.12833333333333 12.12166666666667 0 0
 12.2 12.21333333333333 12.20666666666667 12.23666666666667 12.27166666666667 0
 12.295 12.29833333333333 12.32166666666667 12.285 0 0
 12.37833333333333 12.385 12.38833333333333 12.43833333333333 12.42166666666667 0
 12.46333333333333 12.465 12.46333333333333 12.43666666666667 11.39 12.49
 12.54333333333333 12.54166666666667 12.565 12.535 12.64 0
 12.62166666666667 12.61833333333334 12.60166666666667 0 0 12.60166666666667
 12.68333333333333 12.69666666666667 12.71166666666667 12.71 12.67 0
 12.76166666666667 12.76166666666667 12.75166666666667 0 0 12.72
 12.82833333333334 12.82833333333333 12.83833333333333 0 0 0
 12.88333333333333 12.88166666666667 12.89333333333333 0 12.86 0
 12.94333333333333 12.95333333333333 0 0 0 0
 13.01 13.01333333333333 13.015 13.01833333333333 13 0
 13.06333333333333 13.085 13.07666666666666 13.07666666666667 0 0
 13.12333333333333 13.11833333333333 13.13666666666667 0 0 0
 13.18333333333333 13.19 13.16 13.175 13.23166666666667 0
 13.26 13.24 13.27666666666667 13.29666666666667 0 0
 13.3 13.30833333333333 13.315 0 0 0
 13.34333333333334 13.345 0 0 0 0
 13.42 13.4 0 13.39833333333333 0 0
 13.44333333333333 13.45 13.45833333333334 0 13.30166666666667 0
 13.50666666666667 13.49333333333334 13.46 0 0 0
 13.56 13.555 13.59833333333333 0 0 0
 13.58333333333333 13.60666666666667 13.58 13.58833333333333 0 11.73
 13.66 13.67333333333333 13.64666666666666 0 0 0
 13.7 13.69666666666667 13.70833333333333 0 0 0
 13.74 13.74333333333333 0 13.76833333333333 0 0
 13.76333333333333 13.76 0 0 0 0
 13.81833333333334 13.83 13.805 0 0 0
 13.86333333333333 13.84666666666667 13.89333333333333 13.83333333333334 0 0
 13.90333333333333 13.93 0 0 0 0
 13.94333333333333 13.95166666666667 13.96666666666667 13.96 0 0
 13.98333333333333 13.995 13.96 0 12.1425 0
 14.01833333333333 14.02 0 0 0 0
 14.06 14.11 14.05833333333333 0 0 0
 14.1 14.12 14.07 0 14.17166666666667 0
 14.14 14.15 14.14166666666667 0 0 0
 14.18 14.2 12.42166666666667 0 14.31583333333333 0
 14.22 14.22416666666667 0 0 0 0
 14.24 14.23583333333333 0 14.27 10.45333333333333 0
 14.28 14.2825 0 0 0 0
 14.32 14.30083333333333 0 0 0 0
 14.34833333333333 14.37 0 0 14.35 0
 14.38 14.35166666666667 0 0 0 0
 14.42 14.41083333333333 14.48416666666667 14.44083333333333 0 0
 14.44 0 0 0 0 0
 14.48 14.51 0 0 0 0
 14.50833333333333 0 14.47333333333333 0 0 0
 14.54 14.51083333333333 0 0 0 0
 14.58 14.55416666666667 14.58833333333333 0 0 0
 14.6 14.56583333333333 0 0 0 0
 14.62833333333333 14.65166666666667 14.71333333333333 0 0 0
 14.66 14.6575 0 14.76 0 14.71416666666667
 14.68 14.70666666666667 0 0 0 0
 14.72 14.73333333333333 0 0 0 0
 14.74 14.7425 14.75083333333333 0 0 0
 14.78 14.77666666666667 0 0 0 0
 14.8 14.8 14.80833333333333 0 0 0
 14.82 14.79416666666667 0 11.83083333333333 0 0
 14.86 14.89333333333333 0 0 0 0
 14.88 14.89416666666667 14.8175 0 0 0
 14.9 14.91 0 0 0 0
 14.94 14.92833333333333 0 0 0 0
 14.97 14.89333333333333 0 0 0 0
 14.98 14.99583333333333 0 0 0 0
 15 0 0 0 0 0
 15.04 0 0 0 0 0
 15.07666666666667 15.06083333333333 0 0 0 0
 15.08 15.07916666666667 0 0 0 0
 15.1 15.0475 0 0 0 15.18
 15.12 15.1475 15.135 0 0 0
 15.14833333333333 15.115 15.11833333333333 0 0 0
 15.18 15.16416666666667 0 0 0 0
 15.21666666666667 15.215 0 0 0 0
 15.23666666666667 15.19166666666667 0 0 0 0
 15.24 15.25333333333333 0 0 0 0
 15.26 15.23416666666667 0 0 0 0
 15.28 15.29583333333333 0 0 0 0
 15.3 15.26166666666667 0 0 0 0
 15.32 0 0 13.74416666666667 0 0
 15.34 13.80416666666667 0 0 0 0
 15.36833333333334 15.37416666666667 0 0 0 0
 15.4 13.79583333333333 15.4875 0 0 0
 15.42 15.48083333333333 0 0 0 0
 15.44 15.44166666666667 13.77 0 0 0
 15.46 0 0 0 0 0
 15.48 0 15.48583333333333 15.43583333333333 0 0
 15.5 13.88833333333333 0 0 12.93833333333333 0
 15.52 15.49583333333334 0 0 0 0
 15.54 15.56916666666667 0 0 0 0
 15.56 0 0 0 12.78583333333333 0
 15.56 0 0 0 0 0
 15.58 0 0 0 0 0
 15.6 0 0 0 0 0
 15.62 0 0 0 0 0
 15.64 0 0 0 0 0
 0 0 0 0 0 0
 0 0 0 0 0 0
 0 0 0 0 0 0
 0 0 0 0 0 0
 0 0 0 0 0 0


