# Created by Octave 3.4.2, Thu May 17 17:05:48 2012 EDT <rjs454@energon2.cims.nyu.edu>
# name: kRange
# type: matrix
# rows: 1
# columns: 135
 0 1 2 3 4 5 6 7 8 9 10 12 14 16 18 20 22 24 26 28 30 35 40 45 50 55 60 65 70 75 80 85 90 95 100 105 110 115 120 125 130 135 140 145 150 155 160 165 170 175 180 185 190 195 200 205 210 215 220 225 230 235 240 245 250 255 260 265 270 275 280 285 290 295 300 305 310 315 320 325 330 335 340 345 350 355 360 365 370 375 380 385 390 395 400 405 410 415 420 425 430 435 440 445 450 455 460 465 470 475 480 485 490 495 500 505 510 515 520 525 530 535 540 545 550 555 560 565 570 575 580 585 590 595 600


# name: noiseRange
# type: range
# base, limit, increment
0 0.03 0.002


# name: HeatMap
# type: matrix
# rows: 135
# columns: 16
 0 0 0 0 0 0 0 0 0 0 0 0 0 0 0 0
 0 0 0 0 0 0 0 0 0 0 0 0 0 0 0 0
 0 0 0 0 0 0 0 0 0 0 0 0 0 0 0 0
 0 0 0 0 0 0 0 0 0 0 0 0 0 0 0 0
 0 0 0 0 0 0 0 0 0 0 0 0 0 0 0 0
 0 0 0 0 0 0 0 0 0 0 0 0 0 0 0 0
 0 0 0 0 0 0 0 0 0 0 0 0 0 0 0 0
 0 0 0 0 0 0 0 0 0 0 0 0 0 0 0 0
 0 0 0 0 0 0 0 0 0 0 0 0 0 0 0 0
 0 0 0 0 0 0 0 0 0 0 0 0 0 0 0 0
 0 0 0 0 0 0 0 0 0 0 0 0 0 0 0 0
 0 0 0 0 0 0 0 0 0 0 0 0 0 0 0 0
 0 0 0 0 0 0 0 0 0 0 0 0 0 0 0 0
 0 0 0 0 0 0 0 0 0 0 0 0 0 0 0 0
 0 0 0 0 0 0 0 0 0 0 0 0 0 0 0 0
 0 0 0 0 0 0 0 0 0 0 0 0 0 0 0 0
 0 0 0 0 0 0 0 0 0 0 0 0 0 0 0 0
 0 0 0 0 0 0 0 0 0 0 0 0 0 0 0 0
 0 0 0 0 0 0 0 0 0 0 0 0 0 0 0 0
 0 0 0 0 0 0 0 0 0 0 0 0 0 0 0 0
 0 0 0 0 0 0 0 0 0 0 0 0 0 0 0 0
 0 0 0 0 0 0 0 0 0 0 0 0 0 0 0 0
 0 0 0 0 0 0 0 0 0 0 0 0 1 0 2 0
 0 0 0 0 0 0 0 0 0 0 0 0 0 0 6 0
 0 0 0 0 0 0 0 0 0 0 0 0 0 0 0 0
 0 0 0 0 0 0 0 0 0 0 0 0 4 0 13 2
 0 0 0 0 0 0 0 0 0 0 0 0 0 0 6 9
 0 0 0 0 0 0 0 0 0 0 0 9 1 5 9 6
 0 0 0 0 0 0 0 0 0 0 0 7 0 8 0 8
 0 0 0 0 0 0 0 0 0 0 9 0 6 0 7 8
 0 0 0 0 0 0 0 0 0 0 5 0 13 9 6 1
 0 0 0 0 0 0 0 0 0 1 0 5 6 0 7 7
 0 0 0 0 0 0 0 0 0 0 0 8 11 10 9 9
 0 0 0 0 0 0 0 0 0 0 7 5 3 3 9 8
 0 0 0 0 0 0 0 0 0 6 5 8 7 7 11 4
 0 0 0 0 0 0 0 0 3 7 3 7 10 6 8 9
 0 0 0 0 0 8 0 0 0 7 0 8 7 8 8 7
 0 0 0 0 0 0 7 0 0 8 8 7 9 7 8 9
 0 0 0 0 0 0 0 6 3 10 7 8 8 9 10 8
 0 0 0 0 0 0 1 0 7 7 8 6 8 7 6 9
 0 0 0 0 0 0 0 8 0 10 7 11 7 6 9 9
 0 0 0 0 0 0 7 8 8 10 8 7 7 11 5 8
 0 0 0 0 0 0 0 9 4 2 6 8 7 8 8 8
 0 0 0 0 0 0 6 2 7 8 6 7 7 8 8 9
 0 0 0 0 0 6 0 6 8 7 8 7 8 9 7 8
 0 0 0 0 0 0 7 6 8 6 10 9 8 8 7 8
 0 0 0 0 0 0 3 5 8 8 8 6 8 9 10 9
 0 0 0 0 0 0 6 6 7 8 7 8 8 8 8 8
 0 0 0 0 1 0 5 8 7 7 8 8 8 10 8 8
 0 0 0 0 0 7 7 7 8 5 8 8 8 8 9 8
 0 0 0 0 0 3 5 6 7 6 6 8 8 9 8 8
 0 0 0 0 5 1 7 6 8 9 8 8 7 8 8 8
 0 0 0 0 0 6 1 7 7 7 7 8 8 8 8 9
 0 0 0 0 3 2 3 7 9 8 6 8 9 8 7 9
 0 0 0 0 1 7 5 8 8 7 8 8 9 8 9 8
 0 0 0 0 1 6 1 8 5 10 8 8 9 9 9 9
 0 0 0 0 2 5 3 8 7 6 8 8 9 8 9 9
 0 0 0 0 0 8 7 7 7 9 8 7 8 9 8 9
 0 0 0 0 2 5 7 7 8 8 8 8 7 9 8 9
 0 0 0 0 7 7 4 7 7 8 8 7 9 8 10 8
 0 0 0 0 0 7 8 7 8 8 7 12 8 8 8 8
 0 0 0 0 0 5 7 7 9 7 7 9 8 9 8 7
 0 0 0 0 0 7 4 7 8 8 8 9 8 9 8 9
 0 0 0 0 7 6 8 7 7 9 7 8 8 8 8 8
 0 0 0 0 1 0 8 8 9 9 8 10 8 7 8 8
 0 0 0 0 7 8 6 6 8 8 8 8 8 7 7 9
 0 0 0 0 6 8 8 8 8 6 8 8 9 9 9 8
 0 0 0 0 6 2 7 9 8 8 8 9 7 8 9 9
 0 0 0 4 7 7 6 8 8 8 10 9 9 8 9 8
 0 0 0 3 6 8 7 7 8 8 7 8 9 10 9 9
 0 0 0 0 6 4 7 8 8 7 8 7 9 9 9 8
 0 0 0 6 5 6 7 7 8 8 8 8 8 8 8 9
 0 0 0 0 0 8 8 9 8 8 8 8 6 9 8 8
 0 0 0 0 5 8 7 9 7 7 9 9 7 8 8 7
 0 0 0 6 0 8 8 8 8 8 9 9 8 8 8 8
 0 0 0 5 8 7 6 7 8 9 7 9 9 8 8 9
 0 0 0 7 7 7 7 8 7 7 8 8 9 8 9 8
 0 0 7 0 6 8 7 7 8 8 8 8 8 9 8 9
 0 0 0 4 6 9 7 7 8 8 9 8 7 8 8 9
 0 0 0 7 4 8 8 8 8 8 9 8 8 9 9 9
 0 0 0 6 7 8 8 9 8 8 9 12 9 8 8 8
 0 0 0 7 8 7 8 8 9 9 7 8 9 10 8 10
 0 0 0 7 7 8 9 8 8 9 8 8 9 8 8 9
 0 0 0 4 6 8 9 8 10 7 8 9 9 8 9 10
 0 0 0 2 8 8 8 8 8 8 8 9 8 8 9 8
 0 0 0 7 7 6 6 7 8 9 8 9 8 10 9 8
 0 0 0 0 8 8 7 8 9 9 9 9 9 10 8 10
 0 0 0 7 6 6 8 8 9 10 8 8 8 8 7 6
 0 0 0 6 6 8 7 8 8 8 9 8 10 9 10 9
 0 0 3 4 8 8 5 8 9 8 8 8 8 10 8 8
 0 0 0 6 7 7 8 9 8 9 8 8 9 9 8 10
 0 0 0 5 6 6 9 7 9 8 6 8 8 8 10 9
 0 0 0 6 7 7 9 8 9 8 9 9 10 9 8 9
 0 0 0 6 8 8 9 9 9 9 9 9 9 8 8 9
 0 0 0 4 7 8 9 10 9 9 9 8 9 8 7 8
 0 0 0 6 8 7 7 10 7 9 8 10 8 10 8 9
 0 0 0 6 7 6 8 7 9 8 8 10 8 10 9 8
 0 0 3 7 6 7 8 7 8 8 8 9 9 8 9 8
 0 0 7 3 7 8 8 9 8 8 7 7 8 8 9 8
 0 0 0 4 8 7 7 8 8 9 9 8 9 9 9 7
 0 0 0 6 7 7 8 8 8 9 9 8 9 8 9 9
 0 0 4 7 4 8 9 8 9 9 8 8 10 8 9 10
 0 0 0 4 7 6 8 8 8 9 11 8 8 8 9 8
 0 0 3 9 7 7 7 8 9 9 8 6 9 10 11 10
 0 0 3 6 7 8 8 8 9 9 8 9 9 9 8 7
 0 0 7 2 7 8 7 8 7 9 8 9 9 8 8 9
 0 0 1 4 7 8 8 8 8 8 9 9 8 9 7 10
 0 0 0 6 7 7 8 8 8 9 9 9 8 11 10 9
 0 0 2 7 8 8 8 8 9 9 9 8 8 8 9 9
 0 0 4 6 7 6 7 8 8 8 8 6 8 8 9 10
 0 0 3 8 7 7 8 8 8 9 9 9 9 8 9 10
 0 0 3 8 7 7 8 8 8 7 8 9 15 16 7 15
 0 0 6 7 8 6 7 9 8 9 9 7 9 10 8 14
 0 0 0 7 6 7 8 8 9 9 9 10 15 14 20 10
 0 0 4 7 6 8 8 8 8 10 12 9 11 9 9 13
 0 0 7 7 9 8 6 8 8 9 16 9 8 8 14 9
 0 0 1 7 8 7 9 8 10 9 8 10 13 9 17 12
 0 0 7 7 7 8 8 8 6 8 16 7 15 16 16 14
 0 0 2 3 8 8 8 7 8 8 9 7 12 15 12 14
 0 0 6 7 7 8 8 8 8 14 18 7 15 14 17 13
 0 0 7 7 7 7 14 15 9 11 14 8 8 14 13 14
 0 0 6 7 8 8 8 8 13 9 13 14 8 13 14 14
 0 0 6 5 6 8 7 22 13 11 13 13 15 17 13 14
 0 0 3 11 7 14 7 11 14 14 14 14 12 14 24 15
 0 0 6 6 12 13 13 14 14 18 11 16 14 13 10 14
 0 0 12 7 10 13 12 14 12 15 11 13 13 12 13 14
 0 0 11 13 12 12 15 14 18 13 13 14 13 14 13 13
 0 0 9 13 12 11 13 14 13 12 18 14 15 15 13 12
 0 0 9 13 13 13 14 13 12 13 15 13 15 12 14 16
 0 0 8 11 9 12 12 13 13 22 14 12 12 17 13 16
 0 0 9 12 13 12 13 11 13 16 12 14 16 12 12 16
 0 0 9 10 11 12 11 13 12 15 13 15 12 14 15 13
 0 0 9 11 14 13 13 10 13 12 11 13 15 13 15 12
 0 0 10 12 12 15 14 13 14 14 13 14 13 14 13 13
 0 0 9 8 13 10 12 13 12 12 14 13 14 16 14 12


