# Created by Octave 3.4.2, Thu May 17 15:33:33 2012 EDT <rjs454@energon2.cims.nyu.edu>
# name: kRange
# type: matrix
# rows: 1
# columns: 11
 0 1 2 3 4 5 6 7 8 9 10


# name: noiseRange
# type: range
# base, limit, increment
0 0.03 0.02


# name: HeatMap
# type: matrix
# rows: 11
# columns: 2
 0 0
 0 0
 0 0
 0 0
 0 0
 0 0
 0 0
 0 0
 0 0
 0 0
 0 0


