# Created by Octave 3.4.2, Mon May 14 17:19:06 2012 EDT <rjs454@energon2.cims.nyu.edu>
# name: kRange
# type: matrix
# rows: 1
# columns: 135
 0 1 2 3 4 5 6 7 8 9 10 12 14 16 18 20 22 24 26 28 30 35 40 45 50 55 60 65 70 75 80 85 90 95 100 105 110 115 120 125 130 135 140 145 150 155 160 165 170 175 180 185 190 195 200 205 210 215 220 225 230 235 240 245 250 255 260 265 270 275 280 285 290 295 300 305 310 315 320 325 330 335 340 345 350 355 360 365 370 375 380 385 390 395 400 405 410 415 420 425 430 435 440 445 450 455 460 465 470 475 480 485 490 495 500 505 510 515 520 525 530 535 540 545 550 555 560 565 570 575 580 585 590 595 600


# name: noiseRange
# type: range
# base, limit, increment
0 0.03 0.002


# name: HeatMap
# type: matrix
# rows: 135
# columns: 16
 0 0 0 0 0 0 0 0 0 0 0 0 0 0 0 0
 0 0 0 0 0 0 0 0 0 0 0 0 0 0 0 0
 0 0 0 0 0 0 0 0 0 0 0 0 0 0 0 0
 0 0 0 0 0 0 0 0 0 0 0 0 0 0 0 0
 0 0 0 0 0 0 0 0 0 0 0 0 0 0 0 0
 0 0 0 0 0 0 0 0 0 0 0 0 0 0 0 0
 0 0 0 0 0 0 0 0 0 0 0 0 0 0 0 0
 10 0 0 0 0 0 0 0 0 0 0 0 0 0 0 0
 9.48 9.51125 9.48875 9.452500000000001 0 0 0 0 0 0 0 0 0 0 0 0
 9.359999999999999 9.365416666666667 9.34125 9.348749999999999 0 0 0 0 0 0 0 0 0 0 0 0
 9.330000000000002 9.314166666666667 9.314583333333333 9.352083333333335 9.371666666666668 9.240416666666667 9.338333333333333 0 0 0 0 0 0 0 0 0
 9.361250000000002 9.370833333333334 9.342500000000001 9.355416666666667 9.375 9.349583333333335 9.392500000000002 0 0 0 9.407500000000001 0 0 0 0 0
 9.440000000000001 9.431250000000002 9.447083333333332 9.422500000000001 9.47875 9.371666666666668 9.385416666666668 0 9.476666666666667 0 9.417083333333334 9.357916666666668 0 9.452499999999999 0 0
 9.540000000000001 9.53125 9.499583333333334 9.533750000000001 9.502083333333331 9.539166666666667 9.555 9.527083333333334 9.587499999999999 9.55125 0 0 0 0 0 9.536249999999999
 9.640000000000001 9.645833333333332 9.633750000000001 9.648333333333333 9.647083333333333 9.62125 9.696249999999999 9.6525 9.751249999999999 0 0 9.647083333333333 0 0 0 9.793749999999999
 9.740000000000002 9.745833333333334 9.747916666666669 9.758749999999999 9.720833333333335 9.748750000000001 9.725833333333334 9.759583333333333 9.750833333333334 0 9.74625 0 9.697083333333332 0 0 0
 9.84 9.842916666666667 9.84 9.841249999999999 9.844999999999999 9.817083333333333 9.8475 9.887083333333333 0 0 0 9.764166666666668 9.760416666666666 0 9.7225 0
 9.94 9.946666666666665 9.936666666666667 9.948333333333334 9.965 9.981666666666667 9.956666666666667 0 0 0 0 9.998333333333335 0 0 0 10.14166666666667
 10.04 10.03833333333333 10.02333333333333 10.00333333333333 10.02166666666667 10.01 9.976666666666667 10.00333333333333 10.03833333333333 10.025 10.05666666666667 0 0 10.02833333333333 0 10.10666666666667
 10.12 10.125 10.11 10.12833333333333 10.12666666666667 10.10166666666667 10.09333333333333 10.10666666666667 10.17833333333333 0 10.12833333333333 10.20333333333333 0 0 0 0
 10.22 10.20833333333333 10.2 10.23 10.20166666666667 10.23 10.17 10.13833333333333 10.13666666666667 0 10.265 10.21166666666667 0 0 0 0
 10.42 10.42666666666667 10.42 10.45 10.43833333333333 10.44833333333333 10.425 10.41833333333333 10.36 0 0 0 10.45333333333333 0 10.55666666666667 10.39
 10.61666666666667 10.61333333333333 10.61333333333333 10.62833333333333 10.615 10.60333333333333 10.60666666666667 10.57666666666667 10.61833333333333 10.55166666666667 10.635 0 0 10.57333333333333 10.55166666666667 0
 10.78333333333333 10.785 10.77 10.81666666666667 10.82333333333333 10.76833333333333 10.78833333333333 10.70833333333333 10.695 10.77666666666667 0 10.70666666666667 10.775 10.755 0 0
 10.94333333333333 10.94666666666667 10.955 10.98166666666667 10.92166666666667 10.89166666666667 10.96333333333333 10.95166666666666 10.96166666666667 10.92333333333333 0 10.98833333333333 0 10.9 0 0
 11.1 11.125 11.11333333333333 11.07833333333333 11.14166666666667 11.09833333333333 11.075 11.13333333333333 0 0 0 11.115 0 0 0 0
 11.24 11.23 11.255 11.25166666666667 11.23 11.26833333333333 11.235 0 0 0 0 10.24 0 0 0 0
 11.38 11.38 11.36666666666667 11.35166666666667 11.375 11.41333333333333 11.37333333333333 11.37 0 0 0 0 0 0 0 0
 11.5 11.49 11.495 11.46166666666667 11.51166666666667 11.48333333333333 11.545 0 0 0 0 0 0 0 0 0
 11.62 11.62 11.62333333333333 11.62333333333333 11.63333333333333 11.585 11.57166666666667 0 0 0 0 0 0 0 0 0
 11.72 11.72166666666667 11.725 11.71333333333333 11.68333333333333 0 11.78333333333333 0 11.67333333333333 0 0 0 0 0 0 0
 11.84 11.83666666666667 11.84166666666667 11.83666666666667 0 11.81666666666667 0 0 11.84166666666667 0 0 0 0 0 0 0
 11.94 11.935 11.90333333333333 11.9 11.94833333333333 11.95 0 12.01666666666667 0 0 0 0 0 0 0 0
 12.02 12.01666666666667 12.02 12.08166666666667 12.05 0 0 0 0 12.06333333333333 0 0 0 0 0 0
 12.14 12.12666666666667 12.105 12.13666666666667 11.105 0 0 0 0 0 0 0 0 0 0 0
 12.2 12.215 12.215 12.205 12.17666666666667 12.265 0 0 0 0 0 0 0 0 0 0
 12.295 12.305 12.27666666666667 0 0 0 0 0 0 0 0 0 0 0 10.815 0
 12.37833333333333 12.39 12.36833333333334 12.39333333333333 12.435 0 12.37833333333333 12.38333333333334 0 0 0 0 0 0 0 0
 12.46333333333333 12.47 12.47333333333333 12.465 12.48333333333333 0 0 0 0 0 0 0 0 0 0 0
 12.54333333333333 12.53666666666667 12.53833333333333 12.5 0 0 12.635 0 0 0 0 0 0 0 0 0
 12.62166666666667 12.63 12.62 0 12.62333333333333 0 0 0 0 0 0 0 0 0 0 0
 12.68333333333333 12.71666666666667 12.71333333333333 12.71666666666667 12.7 0 12.685 0 0 0 0 0 0 0 0 0
 12.76166666666667 12.75 12.72666666666667 12.765 12.75 0 0 0 0 0 0 0 0 0 0 0
 12.82833333333334 12.81666666666667 12.84666666666667 12.8 0 0 0 0 0 0 0 0 0 0 0 0
 12.88333333333333 12.89 12.90166666666667 12.85 12.92 0 0 0 0 0 0 0 0 0 0 0
 12.94333333333333 12.955 12.985 12.96333333333333 12.975 0 0 0 0 0 0 0 0 0 0 0
 13.01 13.00333333333333 13.00166666666667 0 13.045 0 0 0 0 0 0 0 0 0 0 0
 13.06333333333333 13.09333333333333 13.065 0 13.08833333333333 0 0 0 0 0 0 0 10.58416666666667 0 0 0
 13.12333333333333 13.125 13.15833333333333 0 13.135 0 0 0 0 0 0 0 0 0 0 0
 13.18333333333333 13.20833333333333 13.20333333333333 13.21166666666667 0 0 13.135 0 0 0 0 11.43 0 0 0 0
 13.26 13.26333333333333 0 0 13.32333333333333 0 0 0 0 11.42166666666667 0 0 0 0 0 0
 13.3 13.28333333333333 0 13.29833333333333 0 13.28166666666667 0 0 0 0 0 0 0 0 0 0
 13.34333333333334 13.36 13.30666666666667 0 0 0 0 0 0 0 0 0 0 0 0 0
 13.42 13.39333333333333 13.37833333333333 13.38 0 0 0 0 0 0 0 0 0 0 0 0
 13.44333333333333 13.46666666666667 13.46833333333333 13.465 11.66333333333333 0 0 0 0 0 0 0 10.86 0 0 0
 13.50666666666667 13.51666666666667 13.51 0 0 0 0 0 0 0 0 0 0 0 0 0
 13.56 13.55166666666667 13.59166666666667 13.51333333333334 0 0 0 0 0 0 0 0 0 0 0 0
 13.58333333333333 13.59833333333333 13.60666666666667 0 0 0 0 0 0 0 0 0 0 0 0 0
 13.66 13.655 13.615 0 0 0 0 0 0 0 0 0 0 0 0 0
 13.7 13.71333333333333 13.67666666666667 13.68166666666666 0 0 0 0 0 0 0 0 0 0 0 0
 13.74 13.74333333333334 0 0 0 0 0 0 0 0 0 0 0 0 0 0
 13.76333333333333 13.77666666666667 13.76666666666667 0 0 0 13.68166666666667 0 0 0 0 0 0 0 0 0
 13.81833333333334 13.835 13.8 0 0 0 0 0 0 0 0 0 0 0 0 0
 13.86333333333333 13.875 0 13.865 0 0 0 0 0 0 0 0 0 0 0 0
 13.90333333333333 13.92166666666667 0 0 0 0 0 0 0 0 0 0 0 0 0 0
 13.94333333333333 13.95666666666667 0 0 0 0 0 0 0 0 0 0 0 0 0 0
 13.98333333333333 13.975 13.99166666666667 0 0 0 0 0 0 0 0 0 0 0 0 11.93166666666667
 14.01833333333333 14.01333333333333 14.01166666666667 14.04 0 0 0 0 0 0 0 0 0 0 0 0
 14.06 14.05833333333333 0 0 0 0 0 0 0 0 0 0 0 0 0 0
 14.1 14.10833333333333 0 0 0 0 0 0 0 0 0 0 0 0 0 0
 14.14 14.145 0 0 0 0 0 0 0 0 0 0 0 0 0 0
 14.18 14.175 0 0 0 0 0 0 0 0 0 0 0 0 0 0
 14.22 14.24583333333333 14.19583333333333 0 0 0 0 0 0 0 0 0 0 0 0 0
 14.24 14.24583333333333 14.225 0 0 0 0 0 0 0 0 0 0 0 0 0
 14.28 14.26333333333333 14.32166666666667 0 0 0 0 0 0 0 0 0 0 0 0 0
 14.32 14.32083333333333 0 14.375 0 0 0 0 0 0 0 0 0 0 0 0
